USD/CAD,EUR/CAD,DEM/CAD,FRF/CAD,JPY/CAD,GBP/CAD,CHF/CAD,AUD/CAD,HKD/CAD,NZD/CAD
0.66831,0.70612,1.3810,4.6318,76.687,0.44613,1.07469,1.1955,5.2127,1.5119
0.66765,0.70447,1.3778,4.6210,76.278,0.44360,1.06872,1.1837,5.2076,1.4939
0.66742,0.70627,1.3813,4.6328,77.042,0.44683,1.07504,1.1801,5.2056,1.4963
0.66658,0.69906,1.3672,4.5855,77.459,0.44478,1.06838,1.1675,5.1988,1.4736
0.66899,0.70527,1.3794,4.6263,77.640,0.44679,1.07527,1.1816,5.2179,1.4843
0.66782,0.71043,1.3895,4.6601,77.882,0.44835,1.08143,1.1865,5.2089,1.4910
0.66662,0.70852,1.3857,4.6476,77.579,0.44689,1.08131,1.1969,5.1996,1.4977
0.66773,0.70107,1.3712,4.5987,78.493,0.44595,1.07677,1.1937,5.2082,1.4837
0.66818,0.70437,1.3776,4.6204,78.678,0.45204,1.08483,1.2012,5.2116,1.4974
0.66467,0.70562,1.3801,4.6285,78.989,0.44908,1.08637,1.2009,5.1843,1.4979
0.66472,0.70917,1.3870,4.6519,77.942,0.45315,1.08956,1.1973,5.1846,1.4903
0.66133,0.71048,1.3896,4.6604,78.186,0.44905,1.09218,1.1998,5.1583,1.4901
0.65963,0.69896,1.3670,4.5849,77.700,0.44687,1.06678,1.1862,5.1448,1.4754
0.66033,0.70482,1.3785,4.6233,77.399,0.44966,1.07887,1.1847,5.1502,1.4712
0.66375,0.70801,1.3848,4.6443,77.399,0.45267,1.08578,1.1969,5.1770,1.4839
0.66375,0.70696,1.3827,4.6374,77.579,0.45094,1.08331,1.2003,5.1769,1.4883
0.66120,0.71418,1.3968,4.6847,78.125,0.45257,1.09421,1.2129,5.1571,1.5051
0.66331,0.71953,1.4073,4.7198,77.519,0.45424,1.09745,1.2166,5.1735,1.5263
0.66388,0.72062,1.4094,4.7269,77.760,0.45525,1.10047,1.2223,5.1779,1.5230
0.66627,0.72579,1.4195,4.7609,77.700,0.45729,1.10363,1.2267,5.1967,1.5337
0.66733,0.72010,1.4084,4.7235,77.220,0.45650,1.09782,1.2185,5.2048,1.5172
0.66667,0.71618,1.4007,4.6978,77.579,0.45608,1.09481,1.2160,5.1995,1.5051
0.66894,0.71261,1.3937,4.6744,77.160,0.45276,1.09206,1.2070,5.2170,1.4925
0.66952,0.71551,1.3994,4.6935,77.399,0.45544,1.09999,1.2120,5.2217,1.5033
0.66463,0.70721,1.3832,4.6390,76.394,0.45057,1.08707,1.2061,5.1836,1.5010
0.66317,0.71276,1.3940,4.6754,76.162,0.45454,1.09649,1.2076,5.1726,1.4963
0.66243,0.70987,1.3884,4.6565,76.923,0.45239,1.09111,1.2124,5.1668,1.4905
0.66173,0.72057,1.4093,4.7266,76.923,0.45804,1.10534,1.2335,5.1614,1.5218
0.66300,0.71551,1.3994,4.6935,77.942,0.45771,1.09782,1.2350,5.1711,1.5138
0.65820,0.70852,1.3857,4.6476,77.399,0.45343,1.08968,1.2232,5.1338,1.5065
0.65738,0.71403,1.3965,4.6837,77.101,0.45302,1.09697,1.2321,5.1275,1.5122
0.65557,0.71261,1.3937,4.6744,76.453,0.44960,1.09337,1.2387,5.1133,1.5288
0.65462,0.72260,1.4133,4.7399,75.758,0.45167,1.10767,1.2489,5.1060,1.5385
0.65070,0.71013,1.3889,4.6581,75.132,0.44859,1.09063,1.2262,5.0752,1.5108
0.65108,0.70786,1.3845,4.6433,75.586,0.45090,1.08838,1.2297,5.0783,1.5110
0.64969,0.71413,1.3967,4.6844,75.075,0.45009,1.09613,1.2425,5.0675,1.5168
0.65079,0.71741,1.4031,4.7059,75.815,0.45220,1.09987,1.2429,5.0761,1.5138
0.65019,0.71685,1.4020,4.7022,75.758,0.45006,1.09854,1.2389,5.0716,1.5117
0.65045,0.71500,1.3984,4.6901,75.529,0.44944,1.09818,1.2463,5.0735,1.5090
0.65304,0.71803,1.4043,4.7100,76.162,0.45216,1.10266,1.2524,5.0936,1.5258
0.65535,0.71788,1.4040,4.7090,76.162,0.45488,1.10363,1.2516,5.1116,1.5165
0.65291,0.70872,1.3861,4.6489,76.570,0.45224,1.09242,1.2439,5.0927,1.5163
0.64691,0.69619,1.3616,4.5667,75.873,0.44462,1.07089,1.2288,5.0459,1.4923
0.64583,0.69137,1.3522,4.5351,76.864,0.43854,1.06372,1.2195,5.0374,1.4765
0.64629,0.69570,1.3607,4.5635,76.982,0.44008,1.06883,1.2379,5.0410,1.4912
0.65019,0.69823,1.3656,4.5801,77.280,0.44375,1.07446,1.2549,5.0714,1.5069
0.64558,0.69594,1.3611,4.5651,77.399,0.44170,1.07032,1.2677,5.0354,1.5232
0.64549,0.69575,1.3608,4.5638,77.160,0.44024,1.07124,1.2681,5.0348,1.5316
0.64587,0.69319,1.3558,4.5470,77.280,0.44012,1.06883,1.2705,5.0375,1.5382
0.64483,0.69319,1.3558,4.5470,77.760,0.43929,1.06735,1.2650,5.0295,1.5335
0.64637,0.70601,1.3808,4.6312,77.700,0.44520,1.08814,1.2842,5.0416,1.5477
0.64379,0.70477,1.3784,4.6230,77.882,0.44403,1.08378,1.2922,5.0215,1.5444
0.64119,0.70872,1.3861,4.6489,78.370,0.44468,1.09051,1.2962,5.0012,1.5554
0.63816,0.71485,1.3981,4.6891,78.431,0.44729,1.09493,1.2920,4.9773,1.5404
0.63706,0.70922,1.3871,4.6522,78.064,0.44723,1.08660,1.2786,4.9691,1.5270
0.64074,0.70766,1.3841,4.6420,78.616,0.44853,1.08637,1.2820,4.9974,1.5307
0.63589,0.70877,1.3862,4.6492,78.616,0.44446,1.08660,1.2872,4.9596,1.5321
0.63565,0.71592,1.4002,4.6961,78.740,0.44685,1.09613,1.2923,4.9576,1.5345
0.63841,0.71526,1.3989,4.6918,78.247,0.44659,1.09565,1.2862,4.9796,1.5288
0.64321,0.71818,1.4046,4.7110,78.989,0.44827,1.10351,1.2882,5.0170,1.5485
0.63723,0.71505,1.3985,4.6904,78.370,0.44579,1.09565,1.2839,4.9704,1.5482
0.63816,0.71865,1.4056,4.7140,78.247,0.44456,1.10035,1.2922,4.9777,1.5576
0.63605,0.72213,1.4124,4.7368,78.555,0.44480,1.10169,1.2917,4.9612,1.5625
0.63396,0.72114,1.4104,4.7303,79.618,0.44693,1.10084,1.2984,4.9443,1.5699
0.63496,0.71948,1.4072,4.7195,80.451,0.44705,1.09938,1.3142,4.9516,1.5868
0.63335,0.70962,1.3879,4.6548,79.491,0.44267,1.08436,1.3036,4.9393,1.5684
0.63719,0.70681,1.3824,4.6364,79.872,0.44401,1.08026,1.3021,4.9701,1.5738
0.63343,0.70572,1.3803,4.6292,78.740,0.44393,1.07805,1.2937,4.9398,1.5667
0.64049,0.71154,1.3917,4.6674,79.428,0.44528,1.08909,1.2912,4.9948,1.5795
0.63930,0.70922,1.3871,4.6522,79.808,0.44177,1.08389,1.2920,4.9859,1.5793
0.64259,0.72301,1.4141,4.7427,80.000,0.44737,1.10302,1.2990,5.0120,1.5949
0.64021,0.72286,1.4138,4.7416,79.872,0.44609,1.09794,1.2731,4.9930,1.5843
0.64107,0.71834,1.4049,4.7120,79.177,0.44522,1.09325,1.2610,4.9999,1.5723
0.64016,0.72239,1.4129,4.7385,79.745,0.44563,1.09951,1.2536,4.9929,1.5652
0.64189,0.72812,1.4241,4.7762,79.365,0.44924,1.11074,1.2694,5.0066,1.5828
0.63723,0.72103,1.4102,4.7297,77.942,0.44607,1.10632,1.2718,4.9701,1.5733
0.64633,0.72532,1.4186,4.7578,78.740,0.44980,1.10963,1.2707,5.0409,1.5911
0.64792,0.71736,1.4030,4.7056,79.365,0.44916,1.09661,1.2502,5.0534,1.5557
0.64666,0.72171,1.4115,4.7341,78.678,0.44964,1.10509,1.2771,5.0434,1.5721
0.64591,0.72192,1.4119,4.7355,78.864,0.44962,1.10534,1.2824,5.0374,1.5810
0.64629,0.71999,1.4082,4.7229,78.989,0.44883,1.10351,1.2807,5.0408,1.5760
0.64721,0.71818,1.4046,4.7110,79.681,0.44984,1.10314,1.2776,5.0477,1.5751
0.64863,0.72674,1.4214,4.7671,80.257,0.45141,1.11769,1.2710,5.0588,1.5716
0.65121,0.73389,1.4354,4.8140,80.451,0.45492,1.12956,1.2765,5.0788,1.5753
0.65197,0.72940,1.4266,4.7845,79.491,0.45471,1.12499,1.2585,5.0848,1.5538
0.65321,0.73190,1.4315,4.8010,79.491,0.45523,1.13007,1.2530,5.0946,1.5432
0.65236,0.73394,1.4355,4.8144,79.051,0.45546,1.13237,1.2563,5.0880,1.5437
0.65151,0.72897,1.4257,4.7817,78.864,0.45360,1.12701,1.2555,5.0814,1.5406
0.64922,0.72796,1.4238,4.7751,78.740,0.45080,1.12322,1.2517,5.0636,1.5387
0.64750,0.73169,1.4311,4.7996,78.740,0.45226,1.12790,1.2492,5.0503,1.5361
0.64918,0.73394,1.4355,4.8144,79.365,0.45687,1.13097,1.2430,5.0634,1.5295
0.64977,0.73899,1.4453,4.8475,79.745,0.45787,1.13559,1.2399,5.0681,1.5223
0.64504,0.73632,1.4401,4.8300,78.989,0.45473,1.12969,1.2393,5.0311,1.5295
0.64350,0.73573,1.4390,4.8261,79.239,0.45376,1.12676,1.2422,5.0192,1.5354
0.64554,0.73454,1.4366,4.8183,79.555,0.45356,1.12549,1.2422,5.0352,1.5413
0.64939,0.73448,1.4365,4.8179,80.257,0.45415,1.12537,1.2405,5.0652,1.5366
0.65113,0.73795,1.4433,4.8407,79.872,0.45510,1.13225,1.2344,5.0787,1.5274
0.65232,0.74344,1.4540,4.8766,80.645,0.45502,1.14038,1.2419,5.0880,1.5305
0.64906,0.74968,1.4662,4.9176,79.681,0.45459,1.14666,1.2402,5.0625,1.5284
0.64691,0.75233,1.4714,4.9350,77.882,0.45407,1.14850,1.2466,5.0458,1.5340
0.64629,0.75403,1.4748,4.9461,77.640,0.45819,1.14956,1.2484,5.0409,1.5293
0.64716,0.75449,1.4757,4.9491,78.125,0.45554,1.15168,1.2461,5.0478,1.5242
0.64712,0.75256,1.4719,4.9365,78.431,0.45542,1.15048,1.2433,5.0475,1.5249
0.65049,0.76092,1.4882,4.9913,78.125,0.45838,1.16036,1.2591,5.0737,1.5370
0.64683,0.75403,1.4748,4.9461,77.760,0.45391,1.14969,1.2606,5.0452,1.5504
0.64696,0.76494,1.4961,5.0176,76.923,0.45627,1.16293,1.2762,5.0461,1.5833
0.65274,0.77226,1.5104,5.0657,77.760,0.46094,1.17357,1.2832,5.0913,1.5893
0.65117,0.77065,1.5073,5.0552,77.821,0.46098,1.16986,1.2855,5.0791,1.5921
0.65244,0.76716,1.5004,5.0323,78.493,0.46215,1.16171,1.2807,5.0889,1.5893
0.65591,0.77592,1.5176,5.0897,78.927,0.47150,1.17925,1.2755,5.1159,1.5931
0.65751,0.77298,1.5118,5.0704,78.864,0.47292,1.17758,1.2658,5.1284,1.5713
0.65746,0.77274,1.5113,5.0688,79.302,0.47576,1.17841,1.2536,5.1277,1.5703
0.65959,0.78284,1.5311,5.1351,80.515,0.48038,1.19005,1.2620,5.1441,1.5798
0.65600,0.77346,1.5127,5.0735,79.872,0.47601,1.17841,1.2522,5.1161,1.5676
0.65872,0.77149,1.5089,5.0606,80.257,0.47346,1.17911,1.2484,5.1372,1.5591
0.65729,0.76435,1.4949,5.0138,79.808,0.46933,1.16727,1.2486,5.1261,1.5850
0.65707,0.76109,1.4886,4.9924,80.775,0.46738,1.16374,1.2481,5.1247,1.5728
0.65210,0.75723,1.4810,4.9671,80.321,0.46468,1.15861,1.2449,5.0862,1.5701
0.65236,0.76225,1.4908,5.0001,80.192,0.46561,1.16482,1.2520,5.0881,1.5741
0.65325,0.76787,1.5018,5.0369,80.580,0.46801,1.17055,1.2602,5.0951,1.5805
0.65514,0.76716,1.5004,5.0323,81.500,0.46258,1.16604,1.2653,5.1099,1.5850
0.65407,0.76307,1.4924,5.0054,81.235,0.46245,1.15955,1.2650,5.1015,1.5838
0.65846,0.76464,1.4955,5.0157,81.633,0.46583,1.16198,1.2762,5.1358,1.5944
0.66028,0.76564,1.4975,5.0223,81.766,0.46627,1.16591,1.2698,5.1501,1.5868
0.65924,0.76482,1.4959,5.0169,81.900,0.46468,1.16360,1.2731,5.1418,1.5865
0.65651,0.77489,1.5156,5.0830,81.833,0.46598,1.17938,1.2847,5.1207,1.5972
0.65889,0.77748,1.5206,5.1000,82.169,0.46786,1.18385,1.2918,5.1393,1.6284
0.66120,0.77985,1.5253,5.1155,82.305,0.47030,1.18807,1.2803,5.1573,1.6252
0.66181,0.78272,1.5309,5.1343,82.372,0.47008,1.19119,1.2775,5.1621,1.6268
0.66230,0.79114,1.5473,5.1895,83.264,0.47306,1.20395,1.2862,5.1659,1.6342
0.65798,0.77718,1.5200,5.0980,82.781,0.46637,1.18036,1.2942,5.1322,1.6284
0.65742,0.77568,1.5171,5.0881,82.440,0.46694,1.18120,1.2897,5.1277,1.6158
0.65742,0.76799,1.5021,5.0377,82.508,0.46622,1.16959,1.2875,5.1277,1.6184
0.65582,0.76150,1.4894,4.9951,81.367,0.46436,1.15473,1.2935,5.1154,1.6145
0.65445,0.76711,1.5003,5.0319,81.235,0.46522,1.15982,1.2963,5.1047,1.6134
0.64965,0.76191,1.4902,4.9978,81.037,0.46406,1.15207,1.2799,5.0671,1.5944
0.64948,0.75965,1.4857,4.9830,81.500,0.46348,1.14903,1.2785,5.0659,1.5929
0.64922,0.75942,1.4853,4.9814,81.037,0.46234,1.14969,1.2814,5.0638,1.5990
0.65147,0.74845,1.4638,4.9095,80.972,0.45986,1.12701,1.2663,5.0813,1.5865
0.64863,0.74644,1.4599,4.8963,80.192,0.45702,1.12360,1.2652,5.0592,1.5669
0.64733,0.74283,1.4529,4.8727,79.491,0.45302,1.11732,1.2804,5.0489,1.5820
0.64742,0.74632,1.4597,4.8956,80.451,0.45637,1.12372,1.2745,5.0496,1.5818
0.65015,0.74305,1.4533,4.8741,80.645,0.45706,1.11907,1.2793,5.0710,1.5840
0.65041,0.73921,1.4458,4.8489,80.386,0.45533,1.11570,1.2822,5.0731,1.5770
0.65210,0.74399,1.4551,4.8803,80.775,0.45708,1.12360,1.2860,5.0862,1.5823
0.65164,0.74477,1.4566,4.8854,80.321,0.45693,1.12385,1.2867,5.0825,1.5828
0.65351,0.74677,1.4606,4.8985,81.833,0.45825,1.12841,1.2917,5.0971,1.5835
0.65347,0.74666,1.4603,4.8978,81.633,0.45848,1.12892,1.2863,5.0969,1.5876
0.65113,0.74052,1.4483,4.8575,81.301,0.45428,1.11694,1.2604,5.0785,1.5696
0.64885,0.73621,1.4399,4.8292,80.257,0.45393,1.11086,1.2495,5.0606,1.5490
0.65155,0.73692,1.4413,4.8339,80.451,0.45650,1.11111,1.2582,5.0815,1.5516
0.65189,0.74283,1.4529,4.8727,80.710,0.46009,1.11882,1.2637,5.0842,1.5542
0.65215,0.74278,1.4527,4.8723,80.321,0.46130,1.11669,1.2574,5.0864,1.5430
0.64982,0.73115,1.4300,4.7961,79.936,0.45696,1.10059,1.2736,5.0683,1.5363
0.64927,0.72606,1.4200,4.7626,79.239,0.45469,1.09830,1.2645,5.0637,1.5230
0.64994,0.72375,1.4155,4.7475,79.555,0.45710,1.09745,1.2566,5.0690,1.5165
0.64893,0.71855,1.4054,4.7134,78.864,0.45415,1.09016,1.2478,5.0614,1.5090
0.65402,0.71736,1.4030,4.7056,78.431,0.45477,1.08980,1.2413,5.1012,1.5081
0.65312,0.71474,1.3979,4.6884,78.431,0.45241,1.08483,1.2393,5.0942,1.5002
0.64855,0.70761,1.3840,4.6416,78.064,0.44835,1.07550,1.2109,5.0586,1.4710
0.64696,0.70867,1.3860,4.6486,78.064,0.44771,1.07585,1.2151,5.0461,1.4786
0.64566,0.70822,1.3851,4.6456,77.399,0.44625,1.07492,1.2179,5.0360,1.4810
0.64784,0.70437,1.3776,4.6204,77.700,0.44559,1.07181,1.2076,5.0529,1.4588
0.64838,0.70731,1.3834,4.6397,77.700,0.44775,1.07492,1.2148,5.0572,1.4680
0.64893,0.71149,1.3916,4.6671,77.942,0.44930,1.08178,1.2222,5.0616,1.4788
0.64842,0.71245,1.3934,4.6734,77.882,0.44938,1.08225,1.2270,5.0576,1.4786
0.64931,0.71327,1.3950,4.6787,78.247,0.44773,1.08120,1.2265,5.0645,1.4754
0.64683,0.71088,1.3904,4.6631,77.459,0.44538,1.07945,1.2201,5.0452,1.4665
0.64675,0.70636,1.3815,4.6334,77.220,0.44340,1.07135,1.2130,5.0445,1.4616
0.64612,0.71073,1.3901,4.6621,76.746,0.44502,1.07817,1.2255,5.0395,1.4758
0.64400,0.72611,1.4201,4.7630,76.923,0.44571,1.09926,1.2352,5.0231,1.4903
0.64099,0.72036,1.4089,4.7252,77.399,0.44033,1.08921,1.2330,4.9996,1.4826
0.64168,0.71752,1.4033,4.7066,77.579,0.44063,1.08530,1.2274,5.0050,1.4717
0.63788,0.70537,1.3796,4.6269,76.570,0.43600,1.06975,1.2265,4.9753,1.4648
0.63881,0.71053,1.3897,4.6608,77.340,0.43794,1.07759,1.2441,4.9827,1.4806
0.63857,0.69959,1.3683,4.5890,76.046,0.43423,1.04822,1.2247,4.9807,1.4695
0.64136,0.70756,1.3839,4.6413,76.687,0.43800,1.06519,1.2433,5.0018,1.5031
0.63751,0.70038,1.3698,4.5942,75.758,0.43307,1.05341,1.2370,4.9725,1.5126
0.63926,0.69415,1.3576,4.5534,75.075,0.43531,1.03767,1.2421,4.9861,1.5076
0.63739,0.69252,1.3545,4.5426,75.019,0.43482,1.02902,1.2715,4.9716,1.5468
0.63662,0.68985,1.3492,4.5251,74.738,0.43531,1.02187,1.2847,4.9655,1.5470
0.63642,0.68301,1.3359,4.4803,74.683,0.43251,1.00908,1.2915,4.9636,1.5492
0.63682,0.68747,1.3446,4.5095,73.801,0.43446,1.01348,1.2930,4.9669,1.5458
0.63674,0.69935,1.3678,4.5874,74.349,0.43766,1.00918,1.3135,4.9665,1.5731
0.63727,0.69759,1.3644,4.5759,74.850,0.43639,1.02082,1.3002,4.9705,1.5795
0.63646,0.68980,1.3491,4.5248,74.906,0.43281,1.01204,1.2873,4.9642,1.5554
0.63577,0.68861,1.3468,4.5170,74.963,0.43118,1.01740,1.2984,4.9587,1.5691
0.63319,0.68918,1.3479,4.5207,75.758,0.42981,1.02135,1.2997,4.9385,1.5833
0.63331,0.69599,1.3612,4.5654,75.506,0.43087,1.02512,1.2797,4.9395,1.5547
0.63335,0.69137,1.3522,4.5351,76.167,0.42836,1.02564,1.2862,4.9394,1.5554
0.63743,0.69662,1.3625,4.5695,76.965,0.43558,1.03391,1.2873,4.9712,1.5694
0.63771,0.69435,1.3580,4.5546,76.911,0.43195,1.02997,1.2825,4.9736,1.5559
0.63845,0.69788,1.3649,4.5778,77.030,0.43206,1.03691,1.2840,4.9795,1.5610
0.64037,0.69847,1.3661,4.5817,77.059,0.43247,1.03713,1.2642,4.9946,1.5468
0.63951,0.69862,1.3664,4.5826,76.864,0.43781,1.03541,1.2763,4.9881,1.5466
0.63780,0.69940,1.3679,4.5878,76.811,0.44004,1.03821,1.2711,4.9747,1.5423
0.63759,0.70776,1.3843,4.6426,77.525,0.44226,1.05009,1.2785,4.9732,1.5413
0.63869,0.70304,1.3750,4.6116,77.232,0.43981,1.04275,1.2731,4.9818,1.5392
0.64189,0.70736,1.3835,4.6400,77.622,0.44354,1.04548,1.2489,5.0067,1.5253
0.64025,0.70408,1.3771,4.6184,77.640,0.44218,1.04341,1.2464,4.9939,1.5270
0.63755,0.70348,1.3759,4.6145,77.143,0.43946,1.04210,1.2395,4.9729,1.5142
0.63452,0.70200,1.3730,4.6048,76.846,0.43933,1.03799,1.2469,4.9493,1.5207
0.63460,0.70596,1.3807,4.6308,76.894,0.44148,1.04178,1.2486,4.9495,1.5235
0.63359,0.71144,1.3915,4.6667,77.573,0.44407,1.05285,1.2486,4.9411,1.5263
0.63613,0.71526,1.3989,4.6918,78.094,0.44727,1.05854,1.2502,4.9617,1.5179
0.63512,0.71144,1.3915,4.6667,78.040,0.44520,1.05385,1.2503,4.9539,1.5200
0.63420,0.70731,1.3834,4.6397,77.821,0.44301,1.04493,1.2563,4.9467,1.5312
0.63484,0.71164,1.3919,4.6681,78.113,0.44242,1.04998,1.2647,4.9517,1.5328
0.63508,0.70249,1.3740,4.6081,77.519,0.43714,1.03638,1.2560,4.9536,1.5337
0.63359,0.69915,1.3674,4.5861,77.346,0.43558,1.02870,1.2524,4.9419,1.5276
0.63024,0.70087,1.3708,4.5974,77.238,0.43386,1.03061,1.2536,4.9159,1.5293
0.62854,0.69493,1.3592,4.5584,76.581,0.42970,1.02291,1.2355,4.9026,1.5149
0.62806,0.69459,1.3585,4.5562,76.412,0.42959,1.02407,1.2359,4.8988,1.5133
0.62672,0.69910,1.3673,4.5858,76.278,0.43020,1.02944,1.2343,4.8884,1.5088
0.62751,0.69940,1.3679,4.5878,76.022,0.43009,1.02923,1.2228,4.8945,1.4945
0.62751,0.69720,1.3636,4.5734,75.907,0.42830,1.02428,1.2171,4.8945,1.4930
0.62574,0.70249,1.3740,4.6081,75.132,0.43029,1.02934,1.2152,4.8806,1.4908
0.62418,0.69852,1.3662,4.5820,75.047,0.42827,1.02354,1.2136,4.8685,1.4883
0.62574,0.71018,1.3890,4.6585,75.999,0.43371,1.04297,1.2029,4.8808,1.4800
0.62830,0.71169,1.3920,4.6684,76.441,0.43543,1.04570,1.2105,4.9007,1.4916
0.63020,0.71495,1.3983,4.6898,77.154,0.44039,1.04921,1.2166,4.9155,1.5094
0.62992,0.71169,1.3920,4.6684,77.280,0.44117,1.04254,1.2098,4.9130,1.5200
0.63111,0.71870,1.4057,4.7144,77.785,0.44729,1.04954,1.2120,4.9222,1.5205
0.62763,0.71058,1.3898,4.6611,76.959,0.44258,1.03477,1.2086,4.8949,1.5113
0.62445,0.71109,1.3908,4.6644,76.899,0.44121,1.03477,1.2085,4.8702,1.5207
0.62519,0.71184,1.3922,4.6694,77.507,0.44271,1.03756,1.2101,4.8760,1.5230
0.62574,0.71342,1.3953,4.6797,77.863,0.44389,1.04384,1.2099,4.8802,1.5251
0.62500,0.70932,1.3873,4.6528,77.634,0.44246,1.04026,1.2041,4.8743,1.5140
0.62704,0.71149,1.3916,4.6671,77.833,0.44354,1.04058,1.2011,4.8902,1.5124
0.63103,0.71184,1.3922,4.6694,77.773,0.44315,1.04015,1.2095,4.9210,1.5221
0.63187,0.71169,1.3920,4.6684,78.235,0.44391,1.04537,1.2207,4.9276,1.5302
0.63621,0.71033,1.3893,4.6594,78.394,0.44647,1.04362,1.2221,4.9617,1.5270
0.63452,0.71296,1.3944,4.6767,78.610,0.44627,1.05020,1.2243,4.9485,1.5272
0.63601,0.71474,1.3979,4.6884,79.033,0.44729,1.05197,1.2332,4.9605,1.5408
0.63638,0.71855,1.4054,4.7134,79.164,0.44932,1.05887,1.2306,4.9635,1.5335
0.63424,0.71114,1.3909,4.6647,79.145,0.44488,1.04932,1.2234,4.9467,1.5209
0.63597,0.71434,1.3971,4.6857,79.898,0.44437,1.05519,1.2340,4.9599,1.5330
0.63359,0.71337,1.3952,4.6794,79.994,0.44168,1.05641,1.2306,4.9414,1.5251
0.63379,0.71159,1.3918,4.6677,80.000,0.44109,1.05075,1.2311,4.9432,1.5195
0.63881,0.71403,1.3965,4.6837,80.815,0.44222,1.05352,1.2279,4.9825,1.5211
0.63788,0.71058,1.3898,4.6611,80.587,0.44127,1.04734,1.2317,4.9753,1.5223
0.63967,0.70731,1.3834,4.6397,81.466,0.43958,1.04308,1.2336,4.9893,1.5309
0.63914,0.70691,1.3826,4.6371,81.513,0.43821,1.04362,1.2344,4.9850,1.5307
0.63573,0.70472,1.3783,4.6227,81.347,0.43641,1.03864,1.2324,4.9583,1.5211
0.63524,0.70596,1.3807,4.6308,81.427,0.43779,1.04080,1.2376,4.9542,1.5279
0.63391,0.70681,1.3824,4.6364,81.513,0.43831,1.03745,1.2556,4.9433,1.5375
0.63107,0.71190,1.3923,4.6697,81.706,0.43862,1.04351,1.2429,4.9204,1.5223
0.62755,0.71526,1.3989,4.6918,81.519,0.43613,1.06202,1.2332,4.8930,1.5085
0.62696,0.70882,1.3863,4.6495,82.420,0.43124,1.05219,1.2347,4.8887,1.5092
0.62672,0.71023,1.3891,4.6588,82.291,0.43279,1.05197,1.2256,4.8866,1.5092
0.62790,0.70497,1.3788,4.6243,82.257,0.43178,1.04199,1.2267,4.8963,1.5083
0.62582,0.69271,1.3548,4.5439,82.624,0.43303,1.02743,1.2166,4.8804,1.4786
0.62625,0.69575,1.3608,4.5638,82.515,0.43484,1.03252,1.2171,4.8836,1.4714
0.62598,0.69940,1.3679,4.5878,82.007,0.43311,1.03327,1.2051,4.8816,1.4586
0.62582,0.70087,1.3708,4.5974,81.940,0.43495,1.03284,1.2071,4.8806,1.4626
0.62696,0.70239,1.3738,4.6074,83.077,0.43461,1.03767,1.1962,4.8896,1.4518
0.62649,0.70532,1.3795,4.6266,83.050,0.43579,1.04080,1.1963,4.8856,1.4631
0.62457,0.69969,1.3685,4.5897,82.823,0.43269,1.03756,1.1950,4.8707,1.4622
0.62610,0.70289,1.3747,4.6106,82.734,0.43331,1.03928,1.2012,4.8826,1.4745
0.62613,0.70062,1.3703,4.5958,82.535,0.43230,1.03734,1.2079,4.8830,1.4797
0.62905,0.70567,1.3802,4.6289,82.488,0.43528,1.04417,1.2115,4.9057,1.4826
0.62708,0.70977,1.3882,4.6558,82.631,0.43621,1.04330,1.2164,4.8905,1.4903
0.62085,0.70472,1.3783,4.6227,81.987,0.43251,1.03477,1.2085,4.8418,1.4686
0.61989,0.70097,1.3710,4.5980,82.217,0.43139,1.03082,1.2034,4.8345,1.4626
0.62004,0.70171,1.3724,4.6029,82.189,0.43169,1.03050,1.1992,4.8357,1.4493
0.62177,0.70338,1.3757,4.6139,83.271,0.43495,1.03391,1.2001,4.8495,1.4455
0.62348,0.70557,1.3800,4.6282,83.696,0.43682,1.03821,1.1985,4.8628,1.4535
0.62422,0.71073,1.3901,4.6621,84.041,0.43863,1.04581,1.2015,4.8686,1.4605
0.62193,0.71839,1.4051,4.7123,83.626,0.44115,1.05865,1.2035,4.8507,1.4669
0.62016,0.72062,1.4094,4.7269,82.740,0.44061,1.06033,1.2006,4.8368,1.4682
0.62877,0.72743,1.4227,4.7716,83.935,0.44488,1.07078,1.2229,4.9040,1.4868
0.62846,0.72685,1.4216,4.7678,83.514,0.44375,1.07089,1.2419,4.9016,1.5131
0.62802,0.73089,1.4295,4.7943,84.126,0.44470,1.08003,1.2373,4.8982,1.5072
0.62865,0.72966,1.4271,4.7863,84.083,0.44385,1.07991,1.2369,4.9033,1.5072
0.62834,0.72317,1.4144,4.7437,83.361,0.44261,1.06940,1.2312,4.9008,1.5081
0.62586,0.72145,1.4110,4.7324,83.787,0.44170,1.06213,1.2300,4.8814,1.5019
0.62344,0.71736,1.4030,4.7056,83.368,0.44098,1.05664,1.2240,4.8626,1.4890
0.62547,0.72041,1.4090,4.7256,83.549,0.44399,1.06090,1.2340,4.8783,1.5022
0.62602,0.71752,1.4033,4.7066,84.381,0.44156,1.05798,1.2261,4.8825,1.4970
0.62901,0.71649,1.4013,4.6998,84.062,0.44179,1.05921,1.2267,4.9060,1.4952
0.62822,0.71644,1.4012,4.6995,83.431,0.43856,1.05887,1.2349,4.8999,1.5008
0.62869,0.72015,1.4085,4.7239,83.759,0.43950,1.06667,1.2359,4.9035,1.5031
0.62814,0.72088,1.4099,4.7286,83.077,0.43968,1.06826,1.2155,4.8992,1.4936
0.62846,0.71979,1.4078,4.7215,83.452,0.43887,1.06712,1.2151,4.9015,1.4868
0.62850,0.72119,1.4105,4.7307,83.306,0.43995,1.06735,1.2123,4.9019,1.4872
0.62953,0.71824,1.4047,4.7113,83.998,0.44002,1.06338,1.2157,4.9098,1.4952
0.62873,0.72218,1.4125,4.7372,84.090,0.44053,1.06860,1.2155,4.9036,1.4945
0.62842,0.72150,1.4111,4.7327,84.381,0.44090,1.06678,1.2149,4.9012,1.5002
0.62723,0.71628,1.4009,4.6985,83.977,0.43846,1.05955,1.2219,4.8920,1.4970
0.62438,0.71654,1.4014,4.7002,83.591,0.43767,1.05798,1.2163,4.8697,1.4941
0.62073,0.71531,1.3990,4.6921,83.403,0.43645,1.05485,1.2058,4.8413,1.4826
0.62177,0.71937,1.4070,4.7188,83.703,0.43879,1.06225,1.2054,4.8493,1.4824
0.62317,0.71963,1.4075,4.7205,83.493,0.44094,1.06101,1.2057,4.8602,1.4780
0.62688,0.72437,1.4168,4.7516,83.591,0.44183,1.06929,1.2104,4.8894,1.4826
0.62913,0.72239,1.4129,4.7385,83.167,0.44209,1.06769,1.2090,4.9068,1.4749
0.62885,0.72291,1.4139,4.7420,83.209,0.44232,1.06769,1.2071,4.9047,1.4749
0.63163,0.72041,1.4090,4.7256,82.658,0.44360,1.06225,1.2112,4.9264,1.4717
0.63199,0.71860,1.4055,4.7137,80.321,0.44340,1.05675,1.2028,4.9291,1.4673
0.63068,0.72072,1.4096,4.7276,80.860,0.44322,1.06011,1.2041,4.9192,1.4646
0.63123,0.71974,1.4077,4.7212,80.841,0.44381,1.05876,1.2108,4.9233,1.4721
0.63072,0.71999,1.4082,4.7229,81.149,0.44577,1.05753,1.2114,4.9193,1.4673
0.62767,0.71551,1.3994,4.6935,81.202,0.44332,1.05097,1.2074,4.8957,1.4603
0.62755,0.71169,1.3920,4.6684,80.919,0.44199,1.04112,1.2001,4.8946,1.4586
0.63060,0.71459,1.3976,4.6874,81.400,0.44283,1.04603,1.1995,4.9183,1.4443
0.62980,0.71357,1.3956,4.6807,82.679,0.44172,1.04450,1.2005,4.9120,1.4438
0.63135,0.71690,1.4021,4.7025,83.542,0.44417,1.04965,1.2057,4.9241,1.4560
0.63327,0.71679,1.4019,4.7019,83.333,0.44407,1.04943,1.1929,4.9393,1.4341
0.63263,0.71628,1.4009,4.6985,83.438,0.44303,1.04811,1.1882,4.9342,1.4329
0.63424,0.72140,1.4109,4.7321,84.281,0.44460,1.05419,1.1909,4.9467,1.4416
0.63084,0.71958,1.4074,4.7201,84.189,0.44240,1.05108,1.1888,4.9202,1.4372
0.62810,0.71633,1.4010,4.6988,83.389,0.44014,1.04778,1.1886,4.8986,1.4388
0.62763,0.71922,1.4067,4.7178,83.236,0.44082,1.05374,1.1891,4.8952,1.4397
0.62755,0.72041,1.4090,4.7256,83.222,0.44066,1.05664,1.1759,4.8947,1.4233
0.62523,0.70987,1.3884,4.6565,83.354,0.43391,1.03821,1.1688,4.8765,1.4114
0.62782,0.71480,1.3980,4.6888,83.745,0.43723,1.04570,1.1739,4.8967,1.4190
0.62937,0.71485,1.3981,4.6891,83.479,0.43829,1.04504,1.1840,4.9088,1.4308
0.62790,0.71536,1.3991,4.6924,83.084,0.43762,1.04613,1.1840,4.8973,1.4251
0.62889,0.71418,1.3968,4.6847,82.857,0.43821,1.04581,1.1851,4.9050,1.4351
0.62731,0.71685,1.4020,4.7022,82.345,0.43829,1.04965,1.1901,4.8928,1.4476
0.62625,0.71179,1.3921,4.6691,82.028,0.43645,1.04362,1.1855,4.8845,1.4395
0.62763,0.71362,1.3957,4.6811,82.068,0.43695,1.04822,1.1837,4.8953,1.4343
0.62992,0.71327,1.3950,4.6787,82.864,0.43792,1.04559,1.1791,4.9132,1.4233
0.62980,0.71623,1.4008,4.6982,83.195,0.43827,1.05053,1.1798,4.9123,1.4227
0.62925,0.71485,1.3981,4.6891,83.022,0.43779,1.04866,1.1844,4.9079,1.4284
0.63299,0.71679,1.4019,4.7019,83.043,0.43972,1.05319,1.1899,4.9372,1.4388
0.63520,0.71505,1.3985,4.6904,83.001,0.43997,1.05119,1.1826,4.9544,1.4294
0.63508,0.71367,1.3958,4.6814,82.420,0.43856,1.04690,1.1788,4.9533,1.4251
0.63617,0.71531,1.3990,4.6921,83.001,0.43950,1.04998,1.1799,4.9618,1.4235
0.63581,0.71618,1.4007,4.6978,82.624,0.43877,1.05164,1.1795,4.9588,1.4239
0.63484,0.71322,1.3949,4.6784,82.461,0.43813,1.04635,1.1773,4.9513,1.4203
0.63767,0.71536,1.3991,4.6924,82.754,0.44039,1.04855,1.1762,4.9734,1.4235
0.63963,0.71205,1.3926,4.6707,82.095,0.43985,1.04297,1.1751,4.9888,1.4186
0.63971,0.71220,1.3929,4.6717,81.994,0.43972,1.04232,1.1783,4.9893,1.4217
0.63849,0.70721,1.3832,4.6390,81.813,0.43754,1.03498,1.1867,4.9797,1.4269
0.63784,0.70847,1.3856,4.6472,81.927,0.43790,1.03434,1.1869,4.9745,1.4253
0.64189,0.70832,1.3853,4.6462,81.806,0.43898,1.02743,1.1916,5.0061,1.4331
0.64029,0.70877,1.3862,4.6492,81.987,0.43718,1.03072,1.1932,4.9936,1.4366
0.63906,0.69989,1.3689,4.5910,81.288,0.43569,1.01709,1.1875,4.9840,1.4263
0.63763,0.69570,1.3607,4.5635,81.149,0.43444,1.01327,1.1825,4.9730,1.4245
0.63694,0.69619,1.3616,4.5667,81.407,0.43403,1.01440,1.1773,4.9676,1.4176
0.63674,0.70422,1.3773,4.6194,81.920,0.43804,1.02543,1.1791,4.9660,1.4148
0.63755,0.70136,1.3717,4.6006,81.833,0.43701,1.02010,1.1755,4.9723,1.4166
0.64201,0.70437,1.3776,4.6204,82.095,0.43954,1.02386,1.1791,5.0072,1.4178
0.64172,0.70457,1.3780,4.6217,81.927,0.43977,1.02543,1.1745,5.0049,1.4092
0.64160,0.71114,1.3909,4.6647,82.563,0.44312,1.03638,1.1743,5.0039,1.4073
0.64272,0.70837,1.3854,4.6466,82.217,0.44137,1.03157,1.1717,5.0126,1.4009
0.64325,0.70631,1.3814,4.6331,82.447,0.44144,1.02828,1.1710,5.0168,1.4021
0.64834,0.70418,1.3772,4.6191,81.693,0.44403,1.02512,1.1739,5.0564,1.3982
0.65011,0.70696,1.3827,4.6374,80.489,0.44613,1.02680,1.1717,5.0704,1.3912
0.65104,0.70259,1.3742,4.6087,80.828,0.44617,1.02114,1.1660,5.0778,1.3765
0.65210,0.70622,1.3812,4.6325,81.407,0.44839,1.02722,1.1678,5.0863,1.3727
0.65155,0.70661,1.3820,4.6351,81.261,0.44687,1.03114,1.1722,5.0819,1.3827
0.65168,0.70771,1.3842,4.6423,81.314,0.44741,1.03306,1.1695,5.0829,1.3831
0.65351,0.70378,1.3765,4.6165,81.274,0.44703,1.02838,1.1636,5.0972,1.3712
0.65164,0.70067,1.3704,4.5961,81.031,0.44633,1.02712,1.1578,5.0826,1.3658
0.65193,0.69546,1.3602,4.5619,80.218,0.44488,1.01823,1.1546,5.0849,1.3648
0.65466,0.70102,1.3711,4.5984,81.261,0.44763,1.02722,1.1569,5.1062,1.3654
0.65445,0.69677,1.3628,4.5705,80.945,0.44761,1.02344,1.1451,5.1047,1.3459
0.65449,0.69363,1.3566,4.5499,80.730,0.44717,1.01833,1.1380,5.1049,1.3312
0.65142,0.69372,1.3568,4.5505,81.044,0.44693,1.02103,1.1374,5.0810,1.3389
0.65253,0.68994,1.3494,4.5257,81.129,0.44709,1.01740,1.1347,5.0895,1.3296
0.65261,0.69080,1.3511,4.5313,81.222,0.44679,1.01492,1.1426,5.0902,1.3353
0.65019,0.68828,1.3462,4.5148,81.011,0.44498,1.01317,1.1418,5.0714,1.3324
0.65011,0.68823,1.3461,4.5145,81.659,0.44260,1.01554,1.1436,5.0707,1.3317
0.65096,0.68714,1.3439,4.5074,81.779,0.44256,1.01523,1.1386,5.0771,1.3205
0.64960,0.68833,1.3462,4.5151,81.294,0.44166,1.01595,1.1421,5.0669,1.3222
0.64516,0.68287,1.3356,4.4794,80.231,0.43792,1.00796,1.1519,5.0322,1.3344
0.64629,0.68437,1.3385,4.4892,80.367,0.43718,1.01000,1.1583,5.0409,1.3360
0.64763,0.68283,1.3355,4.4791,80.652,0.43550,1.00796,1.1529,5.0514,1.3312
0.64876,0.67981,1.3296,4.4593,80.483,0.43600,1.00040,1.1473,5.0603,1.3312
0.65300,0.67687,1.3238,4.4399,80.528,0.43567,0.99443,1.1433,5.0933,1.3287
0.65660,0.67641,1.3229,4.4369,79.605,0.43808,0.99295,1.1429,5.1214,1.3219
0.65928,0.67367,1.3176,4.4190,79.949,0.43789,0.98932,1.1489,5.1424,1.3319
0.65716,0.67783,1.3257,4.4463,80.103,0.43810,0.99473,1.1562,5.1258,1.3398
0.65759,0.66917,1.3088,4.3894,78.808,0.43200,0.98261,1.1711,5.1291,1.3572
0.66181,0.66952,1.3095,4.3918,78.995,0.43314,0.98493,1.1732,5.1620,1.3494
0.65846,0.66791,1.3063,4.3812,78.914,0.43185,0.98203,1.1696,5.1360,1.3519
0.65531,0.66640,1.3034,4.3713,78.771,0.42834,0.97637,1.1651,5.1114,1.3426
0.65402,0.66609,1.3028,4.3693,78.333,0.42847,0.97504,1.1666,5.1013,1.3364
0.65270,0.66711,1.3048,4.3760,78.438,0.42823,0.97656,1.1734,5.0909,1.3461
0.65621,0.67472,1.3196,4.4259,78.864,0.43146,0.98843,1.1780,5.1183,1.3497
0.65755,0.66631,1.3032,4.3707,78.015,0.42830,0.97895,1.1650,5.1288,1.3399
0.66033,0.66423,1.2991,4.3571,77.785,0.42689,0.97857,1.1606,5.1505,1.3398
0.65794,0.66520,1.3010,4.3634,77.592,0.42483,0.97924,1.1586,5.1319,1.3405
0.65703,0.66181,1.2944,4.3412,76.646,0.42262,0.97191,1.1744,5.1248,1.3554
0.65351,0.65980,1.2905,4.3280,76.260,0.42158,0.96909,1.1671,5.0973,1.3486
0.65079,0.64612,1.2637,4.2383,75.523,0.41563,0.94904,1.1625,5.0761,1.3408
0.65155,0.64595,1.2634,4.2372,75.369,0.41511,0.94778,1.1674,5.0821,1.3405
0.64973,0.64416,1.2599,4.2254,75.517,0.41413,0.94366,1.1776,5.0679,1.3463
0.64763,0.64358,1.2587,4.2216,75.878,0.41292,0.94224,1.1740,5.0514,1.3407
0.64998,0.63992,1.2516,4.1976,75.216,0.41185,0.93502,1.1700,5.0698,1.3323
0.64267,0.63638,1.2446,4.1743,74.688,0.40670,0.92558,1.1648,5.0128,1.3282
0.63351,0.63784,1.2475,4.1839,74.322,0.40471,0.92790,1.1606,4.9414,1.3249
0.63452,0.63804,1.2479,4.1853,73.812,0.40302,0.92387,1.1730,4.9492,1.3576
0.63589,0.63585,1.2436,4.1709,74.316,0.40358,0.92157,1.1737,4.9598,1.3620
0.63032,0.63796,1.2477,4.1847,74.867,0.40313,0.92507,1.1734,4.9165,1.3620
0.63605,0.64994,1.2712,4.2633,76.225,0.40825,0.94652,1.1754,4.9612,1.3576
0.63569,0.64346,1.2585,4.2208,76.214,0.40424,0.93747,1.1674,4.9583,1.3506
0.63119,0.64437,1.2603,4.2268,75.580,0.40388,0.93607,1.1600,4.9233,1.3454
0.63016,0.64000,1.2517,4.1981,75.047,0.40456,0.92627,1.1695,4.9152,1.3561
0.62964,0.63706,1.2460,4.1789,74.951,0.40074,0.92533,1.1681,4.9112,1.3576
0.62763,0.65108,1.2734,4.2708,76.034,0.40791,0.94949,1.1879,4.8955,1.3918
0.63259,0.64956,1.2704,4.2608,76.162,0.41195,0.94679,1.1792,4.9342,1.3893
0.63235,0.65526,1.2816,4.2983,76.558,0.41389,0.95767,1.1855,4.9323,1.3874
0.63601,0.65466,1.2804,4.2943,76.418,0.41741,0.95602,1.1877,4.9609,1.3897
0.63532,0.64973,1.2708,4.2619,75.512,0.41470,0.95048,1.1780,4.9555,1.3714
0.63865,0.65249,1.2762,4.2800,76.040,0.41708,0.95465,1.1868,4.9814,1.3835
0.63902,0.64758,1.2666,4.2479,74.460,0.41382,0.94643,1.1881,4.9843,1.3804
0.64177,0.65368,1.2785,4.2879,75.256,0.41783,0.95657,1.1791,5.0057,1.3740
0.64099,0.65159,1.2744,4.2742,75.347,0.41695,0.95584,1.1777,4.9996,1.3723
0.63654,0.65104,1.2733,4.2706,75.460,0.41667,0.95493,1.1737,4.9649,1.3639
0.63633,0.65062,1.2725,4.2678,75.609,0.41663,0.95593,1.1645,4.9634,1.3574
0.64156,0.65518,1.2814,4.2977,76.046,0.41939,0.96200,1.1781,5.0041,1.3782
0.64243,0.66243,1.2956,4.3452,76.953,0.42287,0.97523,1.1893,5.0109,1.3837
0.64276,0.66085,1.2925,4.3349,76.823,0.42244,0.97229,1.1820,5.0135,1.3776
0.64222,0.65998,1.2908,4.3292,76.775,0.42142,0.97106,1.1802,5.0093,1.3738
0.64433,0.65656,1.2841,4.3067,76.237,0.42087,0.96432,1.1644,5.0257,1.3644
0.64115,0.65287,1.2769,4.2825,75.855,0.41733,0.95969,1.1629,5.0009,1.3658
0.64123,0.65244,1.2761,4.2797,75.884,0.41413,0.95813,1.1616,5.0016,1.3685
0.64148,0.65394,1.2790,4.2895,76.173,0.41444,0.96265,1.1671,5.0035,1.3699
0.64338,0.64608,1.2636,4.2380,75.364,0.41169,0.94733,1.1765,5.0183,1.3759
0.63845,0.64325,1.2581,4.2195,75.335,0.40810,0.94153,1.1725,4.9799,1.3704
0.63808,0.64371,1.2590,4.2224,75.500,0.40733,0.94003,1.1774,4.9770,1.3669
0.63963,0.64960,1.2705,4.2611,75.798,0.41006,0.94769,1.1697,4.9890,1.3593
0.63873,0.65053,1.2723,4.2672,75.919,0.40980,0.94823,1.1681,4.9821,1.3600
0.63613,0.65236,1.2759,4.2792,76.191,0.40940,0.95184,1.1620,4.9618,1.3524
0.63472,0.65219,1.2756,4.2781,76.523,0.40950,0.95557,1.1583,4.9507,1.3477
0.63096,0.64641,1.2643,4.2402,76.103,0.40576,0.94859,1.1444,4.9211,1.3298
0.63064,0.64725,1.2659,4.2457,76.640,0.40468,0.94760,1.1455,4.9189,1.3289
0.63191,0.64990,1.2711,4.2631,77.202,0.40928,0.95420,1.1513,4.9286,1.3417
0.63323,0.65385,1.2788,4.2890,77.652,0.41276,0.96256,1.1566,4.9389,1.3468
0.63159,0.64499,1.2615,4.2309,76.722,0.40680,0.94616,1.1514,4.9263,1.3407
0.63593,0.64725,1.2659,4.2457,77.226,0.40871,0.94769,1.1545,4.9601,1.3380
0.63573,0.64608,1.2636,4.2380,78.302,0.40851,0.94581,1.1625,4.9586,1.3495
0.63111,0.64243,1.2565,4.2140,78.186,0.40512,0.94064,1.1583,4.9226,1.3426
0.63072,0.64251,1.2566,4.2146,77.821,0.40520,0.94100,1.1581,4.9194,1.3387
0.63251,0.64541,1.2623,4.2336,77.610,0.40478,0.94438,1.1616,4.9334,1.3432
0.63411,0.64982,1.2709,4.2625,77.730,0.40743,0.95311,1.1644,4.9459,1.3475
0.63383,0.64868,1.2687,4.2550,77.882,0.40775,0.95156,1.1644,4.9436,1.3464
0.63060,0.63837,1.2485,4.1874,76.764,0.40162,0.93058,1.1610,4.9184,1.3423
0.63052,0.63947,1.2507,4.1946,77.375,0.40137,0.93258,1.1621,4.9177,1.3371
0.63072,0.64082,1.2533,4.2035,77.712,0.40280,0.93563,1.1589,4.9193,1.3278
0.62885,0.63698,1.2458,4.1783,77.381,0.40051,0.93049,1.1503,4.9049,1.3151
0.62727,0.63853,1.2489,4.1885,77.190,0.39976,0.93379,1.1481,4.8925,1.3108
0.62814,0.63984,1.2514,4.1970,78.168,0.40149,0.93580,1.1418,4.8992,1.2967
0.62779,0.64078,1.2533,4.2032,78.003,0.40323,0.93897,1.1473,4.8965,1.3014
0.62771,0.63609,1.2441,4.1725,77.549,0.40249,0.93162,1.1436,4.8959,1.3036
0.62834,0.63715,1.2461,4.1794,77.682,0.40203,0.93223,1.1477,4.9009,1.3091
0.62941,0.63857,1.2489,4.1887,78.064,0.40324,0.93519,1.1475,4.9092,1.3089
0.63072,0.64272,1.2570,4.2159,78.623,0.40570,0.94313,1.1534,4.9193,1.3146
0.63131,0.64251,1.2566,4.2146,78.468,0.40617,0.94233,1.1502,4.9238,1.3123
0.63601,0.65330,1.2777,4.2853,79.397,0.40970,0.95969,1.1553,4.9604,1.3196
0.63609,0.65514,1.2813,4.2974,79.834,0.41135,0.96293,1.1561,4.9609,1.3208
0.63800,0.65548,1.2820,4.2997,79.561,0.41389,0.96376,1.1531,4.9756,1.3175
0.63780,0.65202,1.2752,4.2770,79.777,0.41254,0.95822,1.1534,4.9742,1.3160
0.63747,0.65236,1.2759,4.2792,79.164,0.41135,0.95648,1.1533,4.9716,1.3153
0.64062,0.65763,1.2862,4.3138,79.936,0.41391,0.96497,1.1538,4.9961,1.3172
0.63804,0.65321,1.2776,4.2848,79.195,0.41075,0.95758,1.1501,4.9760,1.3115
0.64082,0.65087,1.2730,4.2694,79.233,0.41063,0.95365,1.1469,4.9977,1.3103
0.63975,0.64943,1.2702,4.2600,78.438,0.41041,0.95075,1.1505,4.9896,1.3168
0.63792,0.64847,1.2683,4.2537,78.407,0.40970,0.94994,1.1539,4.9754,1.3205
0.64090,0.64851,1.2684,4.2539,78.678,0.40995,0.94850,1.1549,4.9986,1.3193
0.64201,0.64383,1.2592,4.2233,78.419,0.41053,0.94180,1.1476,5.0074,1.3051
0.64309,0.64595,1.2634,4.2372,78.746,0.41369,0.94518,1.1467,5.0155,1.2943
0.64259,0.64296,1.2575,4.2176,78.290,0.41120,0.94029,1.1442,5.0115,1.2940
0.64177,0.64338,1.2583,4.2203,78.431,0.41154,0.94100,1.1422,5.0052,1.2950
0.64392,0.63800,1.2478,4.1850,78.070,0.40765,0.93406,1.1374,5.0219,1.2882
0.63922,0.63048,1.2331,4.1357,76.517,0.40164,0.92225,1.1294,4.9854,1.2829
0.63524,0.62862,1.2295,4.1234,75.947,0.39994,0.91912,1.1325,4.9545,1.2837
0.63436,0.63052,1.2332,4.1359,76.289,0.40005,0.92421,1.1326,4.9475,1.2803
0.63504,0.63283,1.2377,4.1511,76.482,0.40220,0.92799,1.1297,4.9531,1.2702
0.63239,0.62719,1.2267,4.1141,76.127,0.40043,0.91937,1.1236,4.9324,1.2647
0.62885,0.62360,1.2196,4.0905,76.179,0.39810,0.91500,1.1163,4.9047,1.2631
0.63084,0.62418,1.2208,4.0944,76.746,0.39716,0.91651,1.1297,4.9201,1.2705
0.63135,0.62980,1.2318,4.1312,77.352,0.40090,0.92490,1.1287,4.9242,1.2694
0.63347,0.63408,1.2401,4.1593,77.845,0.40188,0.93093,1.1270,4.9405,1.2607
0.63283,0.63500,1.2420,4.1653,77.742,0.40106,0.93484,1.1221,4.9352,1.2572
0.63561,0.63971,1.2512,4.1962,77.730,0.40563,0.94260,1.1365,4.9567,1.2723
0.63621,0.64164,1.2549,4.2089,77.543,0.41044,0.94598,1.1356,4.9615,1.2806
0.63504,0.64172,1.2551,4.2094,77.622,0.41127,0.94598,1.1418,4.9525,1.2888
0.63536,0.63877,1.2493,4.1901,77.652,0.40930,0.94251,1.1339,4.9549,1.2820
0.63881,0.64317,1.2579,4.2189,78.394,0.41064,0.94913,1.1400,4.9818,1.2817
0.64127,0.64620,1.2639,4.2388,79.910,0.41222,0.95202,1.1464,5.0011,1.2888
0.64226,0.64429,1.2601,4.2263,79.910,0.40974,0.94805,1.1489,5.0086,1.2863
0.64210,0.64230,1.2562,4.2132,80.154,0.40935,0.94581,1.1455,5.0074,1.2819
0.64057,0.64111,1.2539,4.2054,80.058,0.40778,0.94340,1.1412,4.9954,1.2760
0.63869,0.63367,1.2394,4.1566,78.989,0.40591,0.93266,1.1396,4.9809,1.2740
0.64041,0.63480,1.2416,4.1640,78.989,0.40558,0.93467,1.1370,4.9943,1.2707
0.64057,0.63585,1.2436,4.1709,79.208,0.40795,0.93694,1.1448,4.9958,1.2724
0.64276,0.63739,1.2466,4.1810,79.353,0.40820,0.93959,1.1459,5.0129,1.2789
0.64317,0.63123,1.2346,4.1406,78.939,0.40698,0.93179,1.1380,5.0160,1.2612
0.64094,0.62672,1.2258,4.1110,77.381,0.40318,0.92413,1.1351,4.9985,1.2473
0.64000,0.62676,1.2258,4.1113,77.616,0.40227,0.92413,1.1302,4.9910,1.2452
0.64479,0.62787,1.2280,4.1185,78.174,0.40391,0.92353,1.1393,5.0284,1.2450
0.64363,0.62751,1.2273,4.1162,77.948,0.40220,0.91996,1.1380,5.0189,1.2489
0.64620,0.63307,1.2382,4.1527,78.119,0.40424,0.92567,1.1430,5.0390,1.2502
0.64416,0.62731,1.2269,4.1149,77.634,0.40206,0.91768,1.1463,5.0231,1.2500
0.64499,0.63115,1.2344,4.1401,77.912,0.40629,0.91912,1.1490,5.0299,1.2505
0.64599,0.62692,1.2261,4.1123,77.688,0.40468,0.91008,1.1470,5.0380,1.2492
0.63759,0.61241,1.1978,4.0171,76.458,0.39792,0.88960,1.1367,4.9725,1.2299
0.63335,0.60551,1.1843,3.9719,74.974,0.39482,0.88145,1.1235,4.9395,1.2052
0.63307,0.60372,1.1808,3.9601,75.177,0.39327,0.87566,1.1250,4.9371,1.2086
0.63504,0.61278,1.1985,4.0196,76.115,0.39742,0.88976,1.1273,4.9525,1.2142
0.63837,0.61271,1.1984,4.0191,76.499,0.39792,0.89182,1.1299,4.9785,1.2160
0.64119,0.61260,1.1981,4.0184,76.336,0.39882,0.89310,1.1125,5.0007,1.2019
0.64136,0.61561,1.2040,4.0382,77.065,0.39947,0.89694,1.1143,5.0022,1.2064
0.64049,0.61293,1.1988,4.0206,76.447,0.39874,0.89429,1.1132,4.9955,1.2080
0.64363,0.61478,1.2024,4.0327,76.959,0.40133,0.89726,1.1159,5.0198,1.2131
0.64516,0.61215,1.1973,4.0154,77.065,0.40127,0.89437,1.1080,5.0316,1.2025
0.64859,0.61557,1.2040,4.0379,77.208,0.40461,0.89928,1.1112,5.0583,1.2042
0.64948,0.61433,1.2015,4.0297,76.599,0.40412,0.89872,1.1130,5.0653,1.2064
0.65138,0.61569,1.2042,4.0386,76.799,0.40622,0.90050,1.1136,5.0801,1.2099
0.65092,0.61580,1.2044,4.0394,76.793,0.40489,0.90082,1.1086,5.0765,1.1983
0.65130,0.61084,1.1947,4.0068,76.769,0.40254,0.89087,1.1022,5.0795,1.1809
0.65159,0.61065,1.1943,4.0056,76.976,0.40530,0.89206,1.1039,5.0817,1.1809
0.65232,0.61087,1.1948,4.0071,77.334,0.40453,0.89286,1.1117,5.0876,1.2001
0.65274,0.60835,1.1898,3.9905,77.125,0.40357,0.88944,1.1136,5.0908,1.2009
0.65625,0.60946,1.1920,3.9978,77.334,0.40432,0.89150,1.1102,5.1183,1.1972
0.65699,0.60683,1.1869,3.9806,77.381,0.40248,0.88905,1.1089,5.1240,1.1940
0.65582,0.60496,1.1832,3.9683,77.803,0.40098,0.88881,1.1128,5.1151,1.1932
0.65104,0.60085,1.1752,3.9413,77.250,0.39697,0.88269,1.1059,5.0776,1.1898
0.65673,0.60459,1.1825,3.9659,77.537,0.39903,0.88747,1.1115,5.1223,1.1950
0.65321,0.60621,1.1856,3.9765,77.870,0.39624,0.89000,1.1128,5.0950,1.2002
0.65402,0.60898,1.1911,3.9946,78.456,0.39760,0.89469,1.1156,5.1013,1.2013
0.65785,0.61128,1.1956,4.0098,79.252,0.40103,0.89710,1.1249,5.1312,1.2098
0.66037,0.60705,1.1873,3.9820,79.076,0.40088,0.89063,1.1178,5.1507,1.2025
0.65811,0.60691,1.1870,3.9810,78.833,0.39987,0.89055,1.1144,5.1330,1.1986
0.65725,0.60698,1.1871,3.9815,78.808,0.40188,0.88992,1.1120,5.1262,1.1973
0.65742,0.60868,1.1905,3.9927,79.151,0.40373,0.89310,1.1132,5.1274,1.1998
0.65312,0.60776,1.1887,3.9866,79.195,0.40125,0.89103,1.1073,5.0940,1.1893
0.65355,0.60809,1.1893,3.9888,79.202,0.40358,0.89230,1.1091,5.0974,1.1902
0.65415,0.61031,1.1937,4.0034,79.321,0.40479,0.89566,1.1080,5.1020,1.1896
0.65811,0.60757,1.1883,3.9854,79.296,0.40599,0.89214,1.1044,5.1329,1.1871
0.65841,0.60968,1.1924,3.9993,79.277,0.40861,0.89630,1.1117,5.1352,1.1927
0.65751,0.61207,1.1971,4.0149,78.989,0.41125,0.90041,1.1114,5.1282,1.1912
0.66015,0.61645,1.2057,4.0436,78.511,0.41456,0.90728,1.1163,5.1489,1.1980
0.66041,0.61467,1.2022,4.0319,78.358,0.41391,0.90457,1.1110,5.1509,1.1947
0.66476,0.61425,1.2014,4.0292,78.561,0.41752,0.90245,1.1105,5.1847,1.1912
0.66427,0.61591,1.2046,4.0401,78.902,0.41873,0.90440,1.1120,5.1806,1.1898
0.66921,0.62065,1.2139,4.0712,78.821,0.42196,0.90983,1.1046,5.2193,1.1829
0.66997,0.62120,1.2150,4.0748,78.487,0.42602,0.90728,1.1073,5.2250,1.1864
0.66957,0.62016,1.2129,4.0680,78.462,0.42348,0.90719,1.1023,5.2218,1.1854
0.66881,0.62131,1.2152,4.0755,78.641,0.42326,0.90917,1.1053,5.2160,1.1889
0.67245,0.62387,1.2202,4.0923,79.498,0.42728,0.91166,1.1061,5.2445,1.2057
0.67358,0.62166,1.2159,4.0778,79.434,0.42746,0.90703,1.0975,5.2530,1.2008
0.67696,0.62181,1.2162,4.0788,79.834,0.42784,0.90695,1.1027,5.2795,1.2058
0.67921,0.61931,1.2113,4.0624,79.662,0.42448,0.90326,1.1019,5.2971,1.2018
0.67976,0.61812,1.2089,4.0546,79.688,0.42355,0.90531,1.1067,5.3014,1.2019
0.68203,0.61912,1.2109,4.0611,79.428,0.42568,0.90967,1.1111,5.3191,1.2134
0.68231,0.61679,1.2063,4.0459,79.510,0.42628,0.90383,1.1079,5.3213,1.2148
0.67930,0.61595,1.2047,4.0404,79.529,0.42346,0.90432,1.1251,5.2978,1.2268
0.67921,0.61614,1.2051,4.0416,79.586,0.42118,0.90440,1.1401,5.2971,1.2344
0.67340,0.61946,1.2116,4.0634,79.662,0.41932,0.90835,1.1331,5.2517,1.2311
0.67467,0.62909,1.2304,4.1266,80.000,0.42637,0.92370,1.1314,5.2618,1.2231
0.67408,0.63528,1.2425,4.1672,79.802,0.42972,0.93310,1.1374,5.2572,1.2277
0.67631,0.63658,1.2450,4.1757,80.399,0.43288,0.93607,1.1406,5.2745,1.2333
0.67549,0.63784,1.2475,4.1839,81.156,0.43154,0.93897,1.1423,5.2682,1.2273
0.67641,0.63674,1.2454,4.1767,81.189,0.43148,0.93738,1.1396,5.2752,1.2219
0.67083,0.63654,1.2450,4.1754,81.466,0.42843,0.93905,1.1351,5.2317,1.2117
0.67563,0.63476,1.2415,4.1637,81.540,0.42898,0.93563,1.1362,5.2692,1.2247
0.67682,0.63408,1.2401,4.1593,81.235,0.43087,0.93441,1.1340,5.2786,1.2270
0.67981,0.63662,1.2451,4.1759,81.666,0.43182,0.93985,1.1382,5.3019,1.2422
0.68111,0.63597,1.2438,4.1717,81.573,0.43440,0.94038,1.1346,5.3121,1.2390
0.68129,0.63307,1.2382,4.1527,81.873,0.43459,0.93458,1.1348,5.3135,1.2385
0.68060,0.62430,1.2210,4.0951,80.354,0.43098,0.92123,1.1254,5.3082,1.2282
0.67907,0.62263,1.2178,4.0842,80.296,0.43070,0.91929,1.1231,5.2962,1.2237
0.67746,0.62937,1.2309,4.1284,80.730,0.43255,0.93449,1.1292,5.2835,1.2314
0.67787,0.63127,1.2347,4.1409,81.050,0.43122,0.93598,1.1302,5.2870,1.2352
0.67939,0.63416,1.2403,4.1598,81.553,0.43556,0.94242,1.1302,5.2989,1.2539
0.67358,0.63416,1.2403,4.1598,81.096,0.43452,0.94197,1.1280,5.2537,1.2520
0.68124,0.63763,1.2471,4.1826,81.686,0.43931,0.94724,1.1346,5.3134,1.2497
0.68129,0.63540,1.2427,4.1680,82.115,0.43779,0.94482,1.1293,5.3138,1.2483
0.68634,0.63528,1.2425,4.1672,82.082,0.43662,0.94904,1.1317,5.3531,1.2546
0.68890,0.64074,1.2532,4.2030,82.994,0.43842,0.95960,1.1388,5.3731,1.2631
0.68814,0.63877,1.2493,4.1901,82.781,0.43794,0.95602,1.1401,5.3671,1.2579
0.68894,0.63784,1.2475,4.1839,82.823,0.43865,0.95831,1.1371,5.3733,1.2519
0.68672,0.63179,1.2357,4.1443,82.447,0.43617,0.94751,1.1227,5.3561,1.2321
0.68985,0.63251,1.2371,4.1490,82.298,0.43769,0.94922,1.1218,5.3806,1.2381
0.68757,0.63331,1.2387,4.1543,82.884,0.44096,0.95566,1.1196,5.3628,1.2369
0.69104,0.63012,1.2324,4.1333,82.699,0.43825,0.94724,1.1111,5.3898,1.2317
0.68918,0.62945,1.2311,4.1289,82.926,0.43575,0.94823,1.1169,5.3752,1.2352
0.68592,0.62123,1.2150,4.0750,82.189,0.42941,0.93240,1.1050,5.3498,1.2346
0.68814,0.62329,1.2190,4.0885,82.754,0.43236,0.93659,1.1188,5.3673,1.2422
0.68961,0.62696,1.2262,4.1126,82.981,0.43350,0.94429,1.1135,5.3783,1.2384
0.69171,0.62822,1.2287,4.1209,83.098,0.43484,0.94697,1.1152,5.3947,1.2402
0.69759,0.62371,1.2199,4.0913,83.063,0.43592,0.94491,1.1141,5.4406,1.2459
0.70482,0.62712,1.2265,4.1136,83.549,0.43767,0.94670,1.1155,5.4969,1.2539
0.70309,0.62775,1.2278,4.1177,83.745,0.43881,0.94760,1.1157,5.4834,1.2484
0.70761,0.62775,1.2278,4.1177,83.942,0.44053,0.95084,1.1152,5.5187,1.2566
0.71013,0.62539,1.2232,4.1023,83.724,0.43995,0.94706,1.1122,5.5383,1.2446
0.71383,0.62945,1.2311,4.1289,83.167,0.44815,0.94661,1.1216,5.5672,1.2610
0.71674,0.62578,1.2239,4.1049,83.584,0.44701,0.94429,1.1162,5.5898,1.2483
0.71803,0.62442,1.2212,4.0959,84.161,0.44745,0.94180,1.1135,5.5999,1.2456
0.72010,0.62305,1.2186,4.0870,84.196,0.44737,0.94375,1.1109,5.6160,1.2410
0.71953,0.62559,1.2235,4.1036,83.871,0.44685,0.94733,1.1136,5.6117,1.2503
0.72532,0.63076,1.2337,4.1375,84.260,0.44873,0.95411,1.1200,5.6565,1.2607
0.72669,0.63424,1.2405,4.1603,84.218,0.44693,0.95438,1.1301,5.6677,1.2670
0.73169,0.63387,1.2397,4.1579,84.890,0.45049,0.95877,1.1251,5.7066,1.2666
0.74372,0.63638,1.2446,4.1743,86.836,0.45356,0.96200,1.1319,5.8003,1.2682
0.74101,0.63291,1.2379,4.1516,86.866,0.45124,0.95621,1.1293,5.7792,1.2694
0.73089,0.62465,1.2217,4.0974,85.697,0.44705,0.94563,1.1095,5.7002,1.2520
0.72595,0.61580,1.2044,4.0394,84.832,0.44328,0.93826,1.1030,5.6615,1.2447
0.72759,0.61320,1.1993,4.0223,85.005,0.44375,0.93694,1.1035,5.6743,1.2459
0.72748,0.61365,1.2002,4.0253,85.208,0.44354,0.93484,1.1040,5.6734,1.2458
0.72119,0.61406,1.2010,4.0280,85.616,0.44100,0.93659,1.1119,5.6241,1.2534
0.72627,0.61372,1.2003,4.0258,86.029,0.44051,0.93642,1.1208,5.6637,1.2612
0.72950,0.62008,1.2128,4.0674,87.161,0.44492,0.95003,1.1189,5.6892,1.2641
0.73019,0.62170,1.2159,4.0781,86.550,0.44611,0.94724,1.1122,5.6946,1.2577
0.72685,0.62096,1.2145,4.0733,86.685,0.44649,0.95420,1.1017,5.6684,1.2556
0.73670,0.62917,1.2305,4.1271,87.367,0.45096,0.96693,1.1062,5.7453,1.2684
0.74621,0.62862,1.2295,4.1234,87.766,0.44952,0.96777,1.1181,5.8194,1.2835
0.73855,0.63155,1.2352,4.1427,87.773,0.44446,0.97733,1.1208,5.7597,1.2771
0.73616,0.62688,1.2261,4.1121,86.926,0.44733,0.96609,1.1181,5.7408,1.2801
0.73271,0.62696,1.2262,4.1126,86.229,0.44334,0.96628,1.1155,5.7141,1.2762
0.73915,0.62822,1.2287,4.1209,86.987,0.44322,0.96525,1.1121,5.7645,1.2783
0.74135,0.62996,1.2321,4.1323,87.222,0.44431,0.97106,1.1146,5.7818,1.2797
0.74845,0.63267,1.2374,4.1500,87.920,0.44879,0.97647,1.1213,5.8372,1.2890
0.74671,0.63048,1.2331,4.1357,87.959,0.44405,0.97106,1.1188,5.8235,1.2819
0.74649,0.63203,1.2361,4.1459,88.230,0.44328,0.97418,1.1111,5.8217,1.2757
0.74951,0.64012,1.2520,4.1989,88.747,0.44627,0.98961,1.1141,5.8453,1.2832
0.74096,0.63440,1.2408,4.1614,87.974,0.44287,0.98135,1.1069,5.7787,1.2703
0.73573,0.63327,1.2386,4.1540,87.078,0.44199,0.97761,1.1013,5.7378,1.2588
0.73735,0.63841,1.2486,4.1877,86.693,0.44193,0.97799,1.1094,5.7504,1.2596
0.73475,0.63902,1.2498,4.1917,86.678,0.44246,0.97790,1.1085,5.7299,1.2547
0.74477,0.64238,1.2564,4.2138,87.520,0.44364,0.98746,1.1079,5.8080,1.2671
0.73861,0.64620,1.2639,4.2388,88.152,0.44381,0.99542,1.1107,5.7599,1.2673
0.74135,0.64855,1.2685,4.2542,88.676,0.44930,1.00160,1.1138,5.7809,1.2734
0.73784,0.64144,1.2545,4.2076,88.441,0.44639,0.99781,1.0990,5.7538,1.2569
0.74833,0.64943,1.2702,4.2600,88.778,0.44950,1.00837,1.0988,5.8356,1.2552
0.74822,0.65036,1.2720,4.2661,88.472,0.44739,1.00654,1.0953,5.8347,1.2541
0.74577,0.64885,1.2690,4.2561,88.090,0.44693,1.00513,1.0978,5.8158,1.2524
0.74162,0.65385,1.2788,4.2890,87.581,0.44901,1.01461,1.0894,5.7834,1.2372
0.73041,0.64826,1.2679,4.2523,86.588,0.44727,1.00482,1.1127,5.6962,1.2361
0.72733,0.64284,1.2573,4.2167,85.712,0.44609,0.99384,1.1110,5.6722,1.2309
0.72354,0.63524,1.2424,4.1669,85.150,0.44316,0.98513,1.0985,5.6429,1.2253
0.72669,0.64280,1.2572,4.2165,85.616,0.44516,0.99731,1.0988,5.6676,1.2261
0.72786,0.64412,1.2598,4.2252,85.550,0.44823,0.99880,1.1029,5.6770,1.2330
0.71793,0.63910,1.2500,4.1922,84.182,0.44875,0.99167,1.1016,5.5994,1.2303
0.72145,0.64358,1.2587,4.2216,85.332,0.45220,0.99275,1.0987,5.6269,1.2343
0.71577,0.64123,1.2541,4.2062,85.085,0.45043,0.98561,1.0981,5.5827,1.2296
0.70852,0.63020,1.2326,4.1338,83.871,0.44641,0.96880,1.0967,5.5259,1.2363
0.71164,0.62712,1.2265,4.1136,84.218,0.44433,0.96423,1.0921,5.5503,1.2375
0.70842,0.62547,1.2233,4.1028,84.531,0.44332,0.96497,1.0893,5.5252,1.2315
0.71474,0.62232,1.2171,4.0821,84.875,0.44407,0.96163,1.0819,5.5745,1.2309
0.71623,0.62613,1.2246,4.1072,85.404,0.44450,0.96796,1.0771,5.5859,1.2198
0.72401,0.62885,1.2299,4.1250,86.029,0.44693,0.97220,1.0899,5.6468,1.2317
0.72364,0.62933,1.2309,4.1281,86.415,0.44470,0.97409,1.0905,5.6437,1.2323
0.72176,0.62945,1.2311,4.1289,86.445,0.44468,0.97371,1.0845,5.6291,1.2194
0.71444,0.62850,1.2292,4.1227,86.118,0.44176,0.97428,1.0947,5.5720,1.2250
0.71058,0.63259,1.2372,4.1495,85.573,0.44160,0.97609,1.0978,5.5420,1.2262
0.71613,0.63621,1.2443,4.1733,85.918,0.44611,0.97867,1.0953,5.5853,1.2208
0.71210,0.62751,1.2273,4.1162,85.412,0.44273,0.96283,1.1024,5.5539,1.2265
0.71134,0.62633,1.2250,4.1085,85.565,0.44230,0.95960,1.0999,5.5481,1.2232
0.71777,0.62960,1.2314,4.1299,85.412,0.44387,0.96721,1.1030,5.5983,1.2336
0.71762,0.63387,1.2397,4.1579,85.382,0.44623,0.97437,1.0987,5.5970,1.2324
0.72280,0.63682,1.2455,4.1773,85.536,0.44976,0.98251,1.0977,5.6375,1.2436
0.72192,0.63837,1.2485,4.1874,85.558,0.45029,0.98580,1.0990,5.6305,1.2268
0.72270,0.63849,1.2488,4.1882,86.044,0.44942,0.98678,1.0990,5.6365,1.2291
0.71767,0.63792,1.2477,4.1845,85.499,0.44861,0.98435,1.0931,5.5973,1.2240
0.72088,0.64037,1.2525,4.2005,85.962,0.45159,0.98902,1.0938,5.6223,1.2294
0.71896,0.64545,1.2624,4.2339,85.866,0.45228,1.00080,1.0960,5.6073,1.2267
0.71383,0.64172,1.2551,4.2094,85.143,0.44952,0.99335,1.0873,5.5670,1.2189
0.71306,0.64201,1.2557,4.2113,84.289,0.44755,0.99128,1.0813,5.5607,1.2095
